6 16 1 8 3 10 5 13 14 12 2 4 11 15 7 9 
15 10 13 9 1 14 2 4 16 11 3 7 6 12 8 5 
12 14 4 11 7 6 15 9 10 5 1 8 13 2 16 3 
2 7 3 5 12 11 8 16 15 6 9 13 1 10 4 14 
16 6 8 2 5 12 13 15 1 3 11 10 4 14 9 7 
3 9 12 14 11 4 7 1 8 2 13 15 16 5 6 10 
4 15 7 13 9 8 16 10 6 14 12 5 3 1 11 2 
10 5 11 1 6 3 14 2 7 9 4 16 12 8 15 13 
5 2 15 6 16 13 9 3 4 7 8 12 14 11 10 1 
14 3 10 4 8 2 1 5 11 13 15 6 9 7 12 16 
8 13 16 12 10 7 11 6 9 1 5 14 2 4 3 15 
1 11 9 7 14 15 4 12 2 16 10 3 5 6 13 8 
11 4 5 15 13 9 6 14 3 8 7 1 10 16 2 12 
13 12 2 3 4 16 10 8 5 15 14 11 7 9 1 6 
7 8 14 16 2 1 12 11 13 10 6 9 15 3 5 4 
9 1 6 10 15 5 3 7 12 4 16 2 8 13 14 11 
